Opened node_ for writing ....
PLUME_MODEL=[2]Beta Distribution with ALPHA and BETA parameteres
EXIT[get_points]:Read 45451 points.
ENTER[get_wind].
[0] 1.000000 0.000417 90.000000
[1] 20.980000 0.008742 90.000000
[2] 40.960000 0.017066 90.000000
[3] 60.940000 0.025391 90.000000
[4] 80.920000 0.033717 90.000000
[5] 100.900000 0.042042 90.000000
[6] 120.880000 0.050367 90.000000
[7] 140.860000 0.058692 90.000000
[8] 160.840000 0.067017 90.000000
[9] 180.820000 0.075341 90.000000
[10] 200.800000 0.083666 90.000000
[11] 220.780000 0.091993 90.000000
[12] 240.760000 0.100319 90.000000
[13] 260.740000 0.108644 90.000000
[14] 280.720000 0.116968 90.000000
[15] 300.700000 0.125292 90.000000
[16] 320.680000 0.133615 90.000000
[17] 340.660000 0.141939 90.000000
[18] 360.640000 0.150265 90.000000
[19] 380.620000 0.158592 90.000000
[20] 400.600000 0.166920 90.000000
[21] 420.580000 0.175244 90.000000
[22] 440.560000 0.183567 90.000000
[23] 460.540000 0.191891 90.000000
[24] 480.520000 0.200215 90.000000
[25] 500.500000 0.208538 90.000000
[26] 520.480000 0.216864 90.000000
[27] 540.460000 0.225190 90.000000
[28] 560.440000 0.233515 90.000000
[29] 580.420000 0.241841 90.000000
[30] 600.400000 0.250167 90.000000
[31] 620.380000 0.258492 90.000000
[32] 640.360000 0.266818 90.000000
[33] 660.340000 0.275144 90.000000
[34] 680.320000 0.283469 90.000000
[35] 700.300000 0.291795 90.000000
[36] 720.280000 0.300119 90.000000
[37] 740.260000 0.308442 90.000000
[38] 760.240000 0.316766 90.000000
[39] 780.220000 0.325090 90.000000
[40] 800.200000 0.333413 90.000000
[41] 820.180000 0.341739 90.000000
[42] 840.160000 0.350065 90.000000
[43] 860.140000 0.358390 90.000000
[44] 880.120000 0.366716 90.000000
[45] 900.100000 0.375042 90.000000
[46] 920.080000 0.383367 90.000000
[47] 940.060000 0.391693 90.000000
[48] 960.040000 0.400019 90.000000
[49] 980.020000 0.408344 90.000000
[50] 1000.000000 0.416670 90.000000
	Read 1 wind days with 51 wind levels per day.
EXIT[get_wind].
[0] -9.000000 0.000100
[1] -8.000000 0.000500
[2] -7.000000 0.002700
[3] -6.000000 0.011500
[4] -5.000000 0.038500
[5] -4.000000 0.103300
[6] -3.000000 0.224300
[7] -2.000000 0.400300
[8] -1.000000 0.599900
[9] 0.000000 0.776000
[10] 1.000000 0.897100
[11] 2.000000 0.962000
[12] 3.000000 0.989100
[13] 4.000000 0.998000
[14] 5.000000 0.999100
[15] 6.000000 1.000000
Finished.
